{
 "cells": [
  {
   "cell_type": "code",
   "execution_count": 1,
   "metadata": {},
   "outputs": [
    {
     "name": "stderr",
     "output_type": "stream",
     "text": [
      "/Users/ravipanguluri/miniconda3/envs/portfolio-rl/lib/python3.12/site-packages/tqdm/auto.py:21: TqdmWarning: IProgress not found. Please update jupyter and ipywidgets. See https://ipywidgets.readthedocs.io/en/stable/user_install.html\n",
      "  from .autonotebook import tqdm as notebook_tqdm\n"
     ]
    }
   ],
   "source": [
    "import pandas as pd\n",
    "import numpy as np\n",
    "import torch\n",
    "from transformers import AutoTokenizer, AutoModelForSequenceClassification, pipeline\n",
    "import datetime\n",
    "import gc\n",
    "import logging\n",
    "import time\n",
    "\n",
    "logging.basicConfig(level=logging.INFO, format='%(asctime)s - %(levelname)s - %(message)s')\n",
    "pd.set_option('display.max_colwidth', None)"
   ]
  },
  {
   "cell_type": "code",
   "execution_count": 3,
   "metadata": {},
   "outputs": [
    {
     "name": "stdout",
     "output_type": "stream",
     "text": [
      "True\n",
      "True\n"
     ]
    }
   ],
   "source": [
    "print(torch.backends.mps.is_built())\n",
    "print(torch.backends.mps.is_available())"
   ]
  },
  {
   "cell_type": "code",
   "execution_count": 2,
   "metadata": {},
   "outputs": [
    {
     "data": {
      "text/html": [
       "<div>\n",
       "<style scoped>\n",
       "    .dataframe tbody tr th:only-of-type {\n",
       "        vertical-align: middle;\n",
       "    }\n",
       "\n",
       "    .dataframe tbody tr th {\n",
       "        vertical-align: top;\n",
       "    }\n",
       "\n",
       "    .dataframe thead th {\n",
       "        text-align: right;\n",
       "    }\n",
       "</style>\n",
       "<table border=\"1\" class=\"dataframe\">\n",
       "  <thead>\n",
       "    <tr style=\"text-align: right;\">\n",
       "      <th></th>\n",
       "      <th>headline</th>\n",
       "      <th>url</th>\n",
       "      <th>publisher</th>\n",
       "      <th>date</th>\n",
       "      <th>stock</th>\n",
       "    </tr>\n",
       "  </thead>\n",
       "  <tbody>\n",
       "    <tr>\n",
       "      <th>0</th>\n",
       "      <td>Agilent Technologies Announces Pricing of $5…… Million of Senior Notes</td>\n",
       "      <td>http://www.gurufocus.com/news/1153187/agilent-technologies-announces-pricing-of-500-million-of-senior-notes</td>\n",
       "      <td>GuruFocus</td>\n",
       "      <td>2020-06-01 00:00:00</td>\n",
       "      <td>A</td>\n",
       "    </tr>\n",
       "    <tr>\n",
       "      <th>1</th>\n",
       "      <td>Agilent (A) Gears Up for Q2 Earnings: What's in the Cards?</td>\n",
       "      <td>http://www.zacks.com/stock/news/931205/agilent-a-gears-up-for-q2-earnings-whats-in-the-cards?cid=CS-BENZ-FT-analyst_blog|earnings_preview-931205</td>\n",
       "      <td>Zacks</td>\n",
       "      <td>2020-05-18 00:00:00</td>\n",
       "      <td>A</td>\n",
       "    </tr>\n",
       "    <tr>\n",
       "      <th>2</th>\n",
       "      <td>J.P. Morgan Asset Management Announces Liquidation of Six Exchange-Traded Funds</td>\n",
       "      <td>http://www.gurufocus.com/news/1138923/jp-morgan-asset-management-announces-liquidation-of-six-exchangetraded-funds</td>\n",
       "      <td>GuruFocus</td>\n",
       "      <td>2020-05-15 00:00:00</td>\n",
       "      <td>A</td>\n",
       "    </tr>\n",
       "    <tr>\n",
       "      <th>3</th>\n",
       "      <td>Pershing Square Capital Management, L.P. Buys Agilent Technologies Inc, The Howard Hughes Corp, ...</td>\n",
       "      <td>http://www.gurufocus.com/news/1138704/pershing-square-capital-management-lp-buys-agilent-technologies-inc-the-howard-hughes-corp-lowes-inc-sells-chipotle-mexican-grill-inc</td>\n",
       "      <td>GuruFocus</td>\n",
       "      <td>2020-05-15 00:00:00</td>\n",
       "      <td>A</td>\n",
       "    </tr>\n",
       "    <tr>\n",
       "      <th>4</th>\n",
       "      <td>Agilent Awards Trilogy Sciences with a Golden Ticket at LabCentral</td>\n",
       "      <td>http://www.gurufocus.com/news/1134012/agilent-awards-trilogy-sciences-with-a-golden-ticket-at-labcentral</td>\n",
       "      <td>GuruFocus</td>\n",
       "      <td>2020-05-12 00:00:00</td>\n",
       "      <td>A</td>\n",
       "    </tr>\n",
       "    <tr>\n",
       "      <th>...</th>\n",
       "      <td>...</td>\n",
       "      <td>...</td>\n",
       "      <td>...</td>\n",
       "      <td>...</td>\n",
       "      <td>...</td>\n",
       "    </tr>\n",
       "    <tr>\n",
       "      <th>1407323</th>\n",
       "      <td>Top Narrow Based Indexes For August 29</td>\n",
       "      <td>https://www.benzinga.com/news/11/08/1888782/top-narrow-based-indexes-for-august-29</td>\n",
       "      <td>Monica Gerson</td>\n",
       "      <td>2011-08-29 00:00:00</td>\n",
       "      <td>ZX</td>\n",
       "    </tr>\n",
       "    <tr>\n",
       "      <th>1407324</th>\n",
       "      <td>Recap: Wednesday's Top Percentage Gainers and Losers</td>\n",
       "      <td>https://www.benzinga.com/news/earnings/11/06/1193660/recap-wednesdays-top-percentage-gainers-and-losers</td>\n",
       "      <td>Benjamin Lee</td>\n",
       "      <td>2011-06-22 00:00:00</td>\n",
       "      <td>ZX</td>\n",
       "    </tr>\n",
       "    <tr>\n",
       "      <th>1407325</th>\n",
       "      <td>UPDATE: Oppenheimer Color on China Zenix Auto Initiation</td>\n",
       "      <td>https://www.benzinga.com/analyst-ratings/analyst-color/11/06/1186890/update-oppenheimer-color-on-china-zenix-auto-initiation</td>\n",
       "      <td>BenzingaStaffL</td>\n",
       "      <td>2011-06-21 00:00:00</td>\n",
       "      <td>ZX</td>\n",
       "    </tr>\n",
       "    <tr>\n",
       "      <th>1407326</th>\n",
       "      <td>Oppenheimer Initiates China Zenix At Outperform, $8 PT</td>\n",
       "      <td>https://www.benzinga.com/analyst-ratings/price-target/11/06/1186025/oppenheimer-initiates-china-zenix-at-outperform-8-pt</td>\n",
       "      <td>Joe Young</td>\n",
       "      <td>2011-06-21 00:00:00</td>\n",
       "      <td>ZX</td>\n",
       "    </tr>\n",
       "    <tr>\n",
       "      <th>1407327</th>\n",
       "      <td>China Zenix Auto International Opens For Trading at $6.00; IPO Price Set at $6.00</td>\n",
       "      <td>https://www.benzinga.com/news/ipos/11/05/1078911/china-zenix-auto-international-opens-for-trading-at-6-00-ipo-price-set-at-6-</td>\n",
       "      <td>Allie Wickman</td>\n",
       "      <td>2011-05-12 00:00:00</td>\n",
       "      <td>ZX</td>\n",
       "    </tr>\n",
       "  </tbody>\n",
       "</table>\n",
       "<p>3252887 rows × 5 columns</p>\n",
       "</div>"
      ],
      "text/plain": [
       "                                                                                                    headline  \\\n",
       "0                                     Agilent Technologies Announces Pricing of $5…… Million of Senior Notes   \n",
       "1                                                 Agilent (A) Gears Up for Q2 Earnings: What's in the Cards?   \n",
       "2                            J.P. Morgan Asset Management Announces Liquidation of Six Exchange-Traded Funds   \n",
       "3        Pershing Square Capital Management, L.P. Buys Agilent Technologies Inc, The Howard Hughes Corp, ...   \n",
       "4                                         Agilent Awards Trilogy Sciences with a Golden Ticket at LabCentral   \n",
       "...                                                                                                      ...   \n",
       "1407323                                                               Top Narrow Based Indexes For August 29   \n",
       "1407324                                                 Recap: Wednesday's Top Percentage Gainers and Losers   \n",
       "1407325                                             UPDATE: Oppenheimer Color on China Zenix Auto Initiation   \n",
       "1407326                                               Oppenheimer Initiates China Zenix At Outperform, $8 PT   \n",
       "1407327                    China Zenix Auto International Opens For Trading at $6.00; IPO Price Set at $6.00   \n",
       "\n",
       "                                                                                                                                                                                 url  \\\n",
       "0                                                                        http://www.gurufocus.com/news/1153187/agilent-technologies-announces-pricing-of-500-million-of-senior-notes   \n",
       "1                                   http://www.zacks.com/stock/news/931205/agilent-a-gears-up-for-q2-earnings-whats-in-the-cards?cid=CS-BENZ-FT-analyst_blog|earnings_preview-931205   \n",
       "2                                                                 http://www.gurufocus.com/news/1138923/jp-morgan-asset-management-announces-liquidation-of-six-exchangetraded-funds   \n",
       "3        http://www.gurufocus.com/news/1138704/pershing-square-capital-management-lp-buys-agilent-technologies-inc-the-howard-hughes-corp-lowes-inc-sells-chipotle-mexican-grill-inc   \n",
       "4                                                                           http://www.gurufocus.com/news/1134012/agilent-awards-trilogy-sciences-with-a-golden-ticket-at-labcentral   \n",
       "...                                                                                                                                                                              ...   \n",
       "1407323                                                                                           https://www.benzinga.com/news/11/08/1888782/top-narrow-based-indexes-for-august-29   \n",
       "1407324                                                                      https://www.benzinga.com/news/earnings/11/06/1193660/recap-wednesdays-top-percentage-gainers-and-losers   \n",
       "1407325                                                 https://www.benzinga.com/analyst-ratings/analyst-color/11/06/1186890/update-oppenheimer-color-on-china-zenix-auto-initiation   \n",
       "1407326                                                     https://www.benzinga.com/analyst-ratings/price-target/11/06/1186025/oppenheimer-initiates-china-zenix-at-outperform-8-pt   \n",
       "1407327                                                https://www.benzinga.com/news/ipos/11/05/1078911/china-zenix-auto-international-opens-for-trading-at-6-00-ipo-price-set-at-6-   \n",
       "\n",
       "              publisher                 date stock  \n",
       "0             GuruFocus  2020-06-01 00:00:00     A  \n",
       "1                 Zacks  2020-05-18 00:00:00     A  \n",
       "2             GuruFocus  2020-05-15 00:00:00     A  \n",
       "3             GuruFocus  2020-05-15 00:00:00     A  \n",
       "4             GuruFocus  2020-05-12 00:00:00     A  \n",
       "...                 ...                  ...   ...  \n",
       "1407323   Monica Gerson  2011-08-29 00:00:00    ZX  \n",
       "1407324    Benjamin Lee  2011-06-22 00:00:00    ZX  \n",
       "1407325  BenzingaStaffL  2011-06-21 00:00:00    ZX  \n",
       "1407326       Joe Young  2011-06-21 00:00:00    ZX  \n",
       "1407327   Allie Wickman  2011-05-12 00:00:00    ZX  \n",
       "\n",
       "[3252887 rows x 5 columns]"
      ]
     },
     "execution_count": 2,
     "metadata": {},
     "output_type": "execute_result"
    }
   ],
   "source": [
    "partner_headlines = pd.read_csv('./archive/raw_partner_headlines.csv')\n",
    "benzinga_headlines = pd.read_csv('./archive/raw_analyst_ratings.csv')\n",
    "headlines = pd.concat([partner_headlines, benzinga_headlines]).drop('Unnamed: 0', axis = 1)\n",
    "headlines\n"
   ]
  },
  {
   "cell_type": "code",
   "execution_count": 33,
   "metadata": {},
   "outputs": [
    {
     "data": {
      "text/html": [
       "<div>\n",
       "<style scoped>\n",
       "    .dataframe tbody tr th:only-of-type {\n",
       "        vertical-align: middle;\n",
       "    }\n",
       "\n",
       "    .dataframe tbody tr th {\n",
       "        vertical-align: top;\n",
       "    }\n",
       "\n",
       "    .dataframe thead th {\n",
       "        text-align: right;\n",
       "    }\n",
       "</style>\n",
       "<table border=\"1\" class=\"dataframe\">\n",
       "  <thead>\n",
       "    <tr style=\"text-align: right;\">\n",
       "      <th></th>\n",
       "      <th>headline</th>\n",
       "      <th>url</th>\n",
       "      <th>publisher</th>\n",
       "      <th>date</th>\n",
       "      <th>stock</th>\n",
       "    </tr>\n",
       "  </thead>\n",
       "  <tbody>\n",
       "    <tr>\n",
       "      <th>710</th>\n",
       "      <td>Affymetrix (AFFX) Touches 52-Week High on Bullish Trends - Analyst Blog</td>\n",
       "      <td>http://www.zacks.com/stock/news/158725/affymetrix-affx-touches-52-week-high-on-bullish-trends</td>\n",
       "      <td>Zacks</td>\n",
       "      <td>2014-12-29 00:00:00</td>\n",
       "      <td>A</td>\n",
       "    </tr>\n",
       "    <tr>\n",
       "      <th>711</th>\n",
       "      <td>Electronic Arts Inc. (EA) Rises: Stock Adds 5.4% in Session - Tale of the Tape</td>\n",
       "      <td>http://www.zacks.com/stock/news/156255/electronic-arts-inc-ea-rises-54</td>\n",
       "      <td>Zacks</td>\n",
       "      <td>2014-12-04 00:00:00</td>\n",
       "      <td>A</td>\n",
       "    </tr>\n",
       "    <tr>\n",
       "      <th>712</th>\n",
       "      <td>Agilent Beats on Q4 Earnings, Guides Above Expectations - Analyst Blog</td>\n",
       "      <td>http://www.zacks.com/stock/news/154614/agilent-beats-on-q4-earnings-guides-above-expectations</td>\n",
       "      <td>Zacks</td>\n",
       "      <td>2014-11-19 00:00:00</td>\n",
       "      <td>A</td>\n",
       "    </tr>\n",
       "    <tr>\n",
       "      <th>713</th>\n",
       "      <td>AGILENT TECHNOLOGIES</td>\n",
       "      <td>http://news.investors.com/111714-726871-AGILENT-TECHNOLOGIES.htm?ven=benzingacp&amp;src=aurlaam</td>\n",
       "      <td>Investor's Business Daily</td>\n",
       "      <td>2014-11-17 00:00:00</td>\n",
       "      <td>A</td>\n",
       "    </tr>\n",
       "    <tr>\n",
       "      <th>714</th>\n",
       "      <td>Will Agilent Technologies (A) Miss Q4 Earnings Estimates? - Analyst Blog</td>\n",
       "      <td>http://www.zacks.com/stock/news/154124/will-agilent-technologies-a-miss-q4-earnings-estimates</td>\n",
       "      <td>Zacks</td>\n",
       "      <td>2014-11-14 00:00:00</td>\n",
       "      <td>A</td>\n",
       "    </tr>\n",
       "    <tr>\n",
       "      <th>...</th>\n",
       "      <td>...</td>\n",
       "      <td>...</td>\n",
       "      <td>...</td>\n",
       "      <td>...</td>\n",
       "      <td>...</td>\n",
       "    </tr>\n",
       "    <tr>\n",
       "      <th>1407303</th>\n",
       "      <td>5 Consumer Goods Stocks With The Lowest PEG Ratio</td>\n",
       "      <td>https://www.benzinga.com/trading-ideas/14/09/4818208/5-consumer-goods-stocks-with-the-lowest-peg-ratio</td>\n",
       "      <td>Lisa Levin</td>\n",
       "      <td>2014-09-02 00:00:00</td>\n",
       "      <td>ZX</td>\n",
       "    </tr>\n",
       "    <tr>\n",
       "      <th>1407304</th>\n",
       "      <td>China Zenix Auto International Limited Reports Q2 EPS of $0.16; Revenue of $154.70M</td>\n",
       "      <td>https://www.benzinga.com/news/earnings/14/08/4795109/china-zenix-auto-international-limited-reports-q2-eps-of-0-16-revenue-of</td>\n",
       "      <td>Paul Quintaro</td>\n",
       "      <td>2014-08-21 00:00:00</td>\n",
       "      <td>ZX</td>\n",
       "    </tr>\n",
       "    <tr>\n",
       "      <th>1407305</th>\n",
       "      <td>China Zenix Auto Reports Q1 EPS of $0.04; Revenue of $144.10M</td>\n",
       "      <td>https://www.benzinga.com/news/earnings/14/05/4557998/china-zenix-auto-reports-q1-eps-of-0-04-revenue-of-144-10m</td>\n",
       "      <td>Charles Gross</td>\n",
       "      <td>2014-05-15 00:00:00</td>\n",
       "      <td>ZX</td>\n",
       "    </tr>\n",
       "    <tr>\n",
       "      <th>1407306</th>\n",
       "      <td>China Zenix Names Martin Cheung as CFO</td>\n",
       "      <td>https://www.benzinga.com/news/14/03/4369482/china-zenix-names-martin-cheung-as-cfo</td>\n",
       "      <td>Charles Gross</td>\n",
       "      <td>2014-03-06 00:00:00</td>\n",
       "      <td>ZX</td>\n",
       "    </tr>\n",
       "    <tr>\n",
       "      <th>1407307</th>\n",
       "      <td>China Zenix CFO Yifan Li Resigns for Personal Reasons, Effective February 28</td>\n",
       "      <td>https://www.benzinga.com/news/14/02/4336046/china-zenix-cfo-yifan-li-resigns-for-personal-reasons-effective-february-28</td>\n",
       "      <td>Charles Gross</td>\n",
       "      <td>2014-02-24 00:00:00</td>\n",
       "      <td>ZX</td>\n",
       "    </tr>\n",
       "  </tbody>\n",
       "</table>\n",
       "<p>245022 rows × 5 columns</p>\n",
       "</div>"
      ],
      "text/plain": [
       "                                                                                    headline  \\\n",
       "710                  Affymetrix (AFFX) Touches 52-Week High on Bullish Trends - Analyst Blog   \n",
       "711           Electronic Arts Inc. (EA) Rises: Stock Adds 5.4% in Session - Tale of the Tape   \n",
       "712                   Agilent Beats on Q4 Earnings, Guides Above Expectations - Analyst Blog   \n",
       "713                                                                     AGILENT TECHNOLOGIES   \n",
       "714                 Will Agilent Technologies (A) Miss Q4 Earnings Estimates? - Analyst Blog   \n",
       "...                                                                                      ...   \n",
       "1407303                                    5 Consumer Goods Stocks With The Lowest PEG Ratio   \n",
       "1407304  China Zenix Auto International Limited Reports Q2 EPS of $0.16; Revenue of $154.70M   \n",
       "1407305                        China Zenix Auto Reports Q1 EPS of $0.04; Revenue of $144.10M   \n",
       "1407306                                               China Zenix Names Martin Cheung as CFO   \n",
       "1407307         China Zenix CFO Yifan Li Resigns for Personal Reasons, Effective February 28   \n",
       "\n",
       "                                                                                                                                   url  \\\n",
       "710                                      http://www.zacks.com/stock/news/158725/affymetrix-affx-touches-52-week-high-on-bullish-trends   \n",
       "711                                                             http://www.zacks.com/stock/news/156255/electronic-arts-inc-ea-rises-54   \n",
       "712                                      http://www.zacks.com/stock/news/154614/agilent-beats-on-q4-earnings-guides-above-expectations   \n",
       "713                                        http://news.investors.com/111714-726871-AGILENT-TECHNOLOGIES.htm?ven=benzingacp&src=aurlaam   \n",
       "714                                      http://www.zacks.com/stock/news/154124/will-agilent-technologies-a-miss-q4-earnings-estimates   \n",
       "...                                                                                                                                ...   \n",
       "1407303                         https://www.benzinga.com/trading-ideas/14/09/4818208/5-consumer-goods-stocks-with-the-lowest-peg-ratio   \n",
       "1407304  https://www.benzinga.com/news/earnings/14/08/4795109/china-zenix-auto-international-limited-reports-q2-eps-of-0-16-revenue-of   \n",
       "1407305                https://www.benzinga.com/news/earnings/14/05/4557998/china-zenix-auto-reports-q1-eps-of-0-04-revenue-of-144-10m   \n",
       "1407306                                             https://www.benzinga.com/news/14/03/4369482/china-zenix-names-martin-cheung-as-cfo   \n",
       "1407307        https://www.benzinga.com/news/14/02/4336046/china-zenix-cfo-yifan-li-resigns-for-personal-reasons-effective-february-28   \n",
       "\n",
       "                         publisher                 date stock  \n",
       "710                          Zacks  2014-12-29 00:00:00     A  \n",
       "711                          Zacks  2014-12-04 00:00:00     A  \n",
       "712                          Zacks  2014-11-19 00:00:00     A  \n",
       "713      Investor's Business Daily  2014-11-17 00:00:00     A  \n",
       "714                          Zacks  2014-11-14 00:00:00     A  \n",
       "...                            ...                  ...   ...  \n",
       "1407303                 Lisa Levin  2014-09-02 00:00:00    ZX  \n",
       "1407304              Paul Quintaro  2014-08-21 00:00:00    ZX  \n",
       "1407305              Charles Gross  2014-05-15 00:00:00    ZX  \n",
       "1407306              Charles Gross  2014-03-06 00:00:00    ZX  \n",
       "1407307              Charles Gross  2014-02-24 00:00:00    ZX  \n",
       "\n",
       "[245022 rows x 5 columns]"
      ]
     },
     "execution_count": 33,
     "metadata": {},
     "output_type": "execute_result"
    }
   ],
   "source": [
    "one_yr_headlines = headlines.loc[(headlines['date'] >= \"2014-01-01\") & (headlines['date'] < \"2015-01-01\")]\n",
    "one_yr_headlines"
   ]
  },
  {
   "cell_type": "code",
   "execution_count": 5,
   "metadata": {},
   "outputs": [
    {
     "data": {
      "text/plain": [
       "['AAPL',\n",
       " 'ABBV',\n",
       " 'ABT',\n",
       " 'ACN',\n",
       " 'ADBE',\n",
       " 'AIG',\n",
       " 'AMD',\n",
       " 'AMGN',\n",
       " 'AMT',\n",
       " 'AMZN',\n",
       " 'AVGO',\n",
       " 'AXP',\n",
       " 'BA',\n",
       " 'BAC',\n",
       " 'BK',\n",
       " 'BKNG',\n",
       " 'BLK',\n",
       " 'BMY',\n",
       " 'BRK.B',\n",
       " 'C',\n",
       " 'CAT',\n",
       " 'CHTR',\n",
       " 'CL',\n",
       " 'CMCSA',\n",
       " 'COF',\n",
       " 'COP',\n",
       " 'COST',\n",
       " 'CRM',\n",
       " 'CSCO',\n",
       " 'CVS',\n",
       " 'CVX',\n",
       " 'DE',\n",
       " 'DHR',\n",
       " 'DIS',\n",
       " 'DOW',\n",
       " 'DUK',\n",
       " 'EMR',\n",
       " 'F',\n",
       " 'FDX',\n",
       " 'GD',\n",
       " 'GE',\n",
       " 'GILD',\n",
       " 'GM',\n",
       " 'GOOG',\n",
       " 'GOOGL',\n",
       " 'GS',\n",
       " 'HD',\n",
       " 'HON',\n",
       " 'IBM',\n",
       " 'INTC',\n",
       " 'INTU',\n",
       " 'JNJ',\n",
       " 'JPM',\n",
       " 'KHC',\n",
       " 'KO',\n",
       " 'LIN',\n",
       " 'LLY',\n",
       " 'LMT',\n",
       " 'LOW',\n",
       " 'MA',\n",
       " 'MCD',\n",
       " 'MDLZ',\n",
       " 'MDT',\n",
       " 'MET',\n",
       " 'META',\n",
       " 'MMM',\n",
       " 'MO',\n",
       " 'MRK',\n",
       " 'MS',\n",
       " 'MSFT',\n",
       " 'NEE',\n",
       " 'NFLX',\n",
       " 'NKE',\n",
       " 'NVDA',\n",
       " 'ORCL',\n",
       " 'PEP',\n",
       " 'PFE',\n",
       " 'PG',\n",
       " 'PM',\n",
       " 'PYPL',\n",
       " 'QCOM',\n",
       " 'RTX',\n",
       " 'SBUX',\n",
       " 'SCHW',\n",
       " 'SO',\n",
       " 'SPG',\n",
       " 'T',\n",
       " 'TGT',\n",
       " 'TMO',\n",
       " 'TMUS',\n",
       " 'TSLA',\n",
       " 'TXN',\n",
       " 'UNH',\n",
       " 'UNP',\n",
       " 'UPS',\n",
       " 'USB',\n",
       " 'V',\n",
       " 'VZ',\n",
       " 'WFC',\n",
       " 'WMT',\n",
       " 'XOM']"
      ]
     },
     "execution_count": 5,
     "metadata": {},
     "output_type": "execute_result"
    }
   ],
   "source": [
    "sp_100_data = pd.read_html('https://en.wikipedia.org/wiki/S%26P_100')\n",
    "sp_100_cmpys = sp_100_data[2]\n",
    "sp_100 = sp_100_cmpys['Symbol'].to_list()\n",
    "sp_100\n"
   ]
  },
  {
   "cell_type": "code",
   "execution_count": 35,
   "metadata": {},
   "outputs": [],
   "source": [
    "sp_100_one_yr = one_yr_headlines.loc[one_yr_headlines['stock'].isin(sp_100)]"
   ]
  },
  {
   "cell_type": "code",
   "execution_count": 6,
   "metadata": {},
   "outputs": [],
   "source": [
    "tokenizer = AutoTokenizer.from_pretrained(\"ProsusAI/finbert\", token = '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')\n",
    "model = AutoModelForSequenceClassification.from_pretrained(\"ProsusAI/finbert\", token = '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').to(\"mps\")"
   ]
  },
  {
   "cell_type": "code",
   "execution_count": 8,
   "metadata": {},
   "outputs": [],
   "source": [
    "class NewsHeadlines(torch.utils.data.Dataset):\n",
    "    def __init__(self, data, tokenizer, max_length = 512):\n",
    "        self.data = data\n",
    "        self.tokenizer = tokenizer\n",
    "        self.max_length = max_length\n",
    "\n",
    "    def __len__(self):\n",
    "        return len(self.data)\n",
    "    \n",
    "    def __getitem__(self, idx):\n",
    "        text = self.data[idx]\n",
    "        encoding = self.tokenizer(text, truncation=True, max_length=self.max_length, padding='max_length', return_tensors='pt').to(\"mps\")\n",
    "        return {\n",
    "            'input_ids': encoding['input_ids'].squeeze(),\n",
    "            'attention_mask': encoding['attention_mask'].squeeze()\n",
    "        }"
   ]
  },
  {
   "cell_type": "code",
   "execution_count": 38,
   "metadata": {},
   "outputs": [],
   "source": [
    "dataset = NewsHeadlines(sp_100_one_yr['headline'].to_list(), tokenizer)\n",
    "dataloader = torch.utils.data.DataLoader(dataset, batch_size=8, shuffle=False)\n",
    "\n",
    "# Perform inference in batches\n",
    "outputs = []\n",
    "for batch in dataloader:\n",
    "    input_ids = batch['input_ids']\n",
    "    attention_mask = batch['attention_mask']\n",
    "    with torch.no_grad():\n",
    "        logits = model(input_ids, attention_mask=attention_mask)[0]\n",
    "        probabilities = torch.softmax(logits, dim=1)\n",
    "    outputs.append(probabilities)"
   ]
  },
  {
   "cell_type": "code",
   "execution_count": 39,
   "metadata": {},
   "outputs": [
    {
     "data": {
      "text/plain": [
       "[tensor([[0.0404, 0.4184, 0.5412],\n",
       "         [0.7593, 0.0085, 0.2322],\n",
       "         [0.0348, 0.0223, 0.9429],\n",
       "         [0.0327, 0.0407, 0.9265],\n",
       "         [0.5460, 0.0109, 0.4431],\n",
       "         [0.2123, 0.0092, 0.7785],\n",
       "         [0.0756, 0.0185, 0.9059],\n",
       "         [0.0460, 0.2377, 0.7164]], device='mps:0'),\n",
       " tensor([[0.0789, 0.1585, 0.7626],\n",
       "         [0.9442, 0.0293, 0.0264],\n",
       "         [0.7603, 0.0097, 0.2300],\n",
       "         [0.1085, 0.0110, 0.8805],\n",
       "         [0.1039, 0.0171, 0.8790],\n",
       "         [0.0613, 0.0125, 0.9262],\n",
       "         [0.9218, 0.0434, 0.0347],\n",
       "         [0.4009, 0.4406, 0.1585]], device='mps:0'),\n",
       " tensor([[0.0439, 0.0166, 0.9395],\n",
       "         [0.0170, 0.9018, 0.0813],\n",
       "         [0.6933, 0.0949, 0.2118],\n",
       "         [0.0104, 0.9701, 0.0195],\n",
       "         [0.8323, 0.0943, 0.0734],\n",
       "         [0.2805, 0.5424, 0.1772],\n",
       "         [0.9365, 0.0220, 0.0415],\n",
       "         [0.6362, 0.0262, 0.3376]], device='mps:0'),\n",
       " tensor([[0.8991, 0.0149, 0.0860],\n",
       "         [0.0367, 0.0657, 0.8976],\n",
       "         [0.9416, 0.0304, 0.0281],\n",
       "         [0.6802, 0.0103, 0.3095],\n",
       "         [0.2767, 0.0217, 0.7015],\n",
       "         [0.0186, 0.0736, 0.9078],\n",
       "         [0.9040, 0.0442, 0.0519],\n",
       "         [0.8941, 0.0259, 0.0800]], device='mps:0'),\n",
       " tensor([[0.3739, 0.0431, 0.5829],\n",
       "         [0.0415, 0.8981, 0.0604],\n",
       "         [0.2773, 0.0199, 0.7028],\n",
       "         [0.0214, 0.0555, 0.9232],\n",
       "         [0.0399, 0.4078, 0.5523],\n",
       "         [0.0353, 0.0358, 0.9289],\n",
       "         [0.0684, 0.0154, 0.9162],\n",
       "         [0.8555, 0.0079, 0.1366]], device='mps:0'),\n",
       " tensor([[0.0415, 0.0372, 0.9213],\n",
       "         [0.6672, 0.1622, 0.1706],\n",
       "         [0.0823, 0.0127, 0.9050],\n",
       "         [0.0869, 0.0121, 0.9009],\n",
       "         [0.7916, 0.0077, 0.2008],\n",
       "         [0.2155, 0.0661, 0.7184],\n",
       "         [0.1797, 0.3311, 0.4892],\n",
       "         [0.0307, 0.0799, 0.8894]], device='mps:0'),\n",
       " tensor([[0.9404, 0.0302, 0.0294],\n",
       "         [0.0508, 0.4416, 0.5076],\n",
       "         [0.0746, 0.0240, 0.9014],\n",
       "         [0.9293, 0.0161, 0.0546],\n",
       "         [0.5858, 0.0145, 0.3997],\n",
       "         [0.8853, 0.0230, 0.0917],\n",
       "         [0.0572, 0.0230, 0.9198],\n",
       "         [0.0755, 0.0197, 0.9048]], device='mps:0'),\n",
       " tensor([[0.0324, 0.0332, 0.9344],\n",
       "         [0.1549, 0.7793, 0.0658],\n",
       "         [0.4369, 0.0117, 0.5514],\n",
       "         [0.0728, 0.0128, 0.9144],\n",
       "         [0.4890, 0.0464, 0.4646],\n",
       "         [0.9486, 0.0270, 0.0244],\n",
       "         [0.0200, 0.9584, 0.0216],\n",
       "         [0.9498, 0.0243, 0.0259]], device='mps:0'),\n",
       " tensor([[0.0116, 0.9675, 0.0209],\n",
       "         [0.0258, 0.0490, 0.9252],\n",
       "         [0.5453, 0.0123, 0.4424],\n",
       "         [0.9362, 0.0260, 0.0378],\n",
       "         [0.0171, 0.9605, 0.0224],\n",
       "         [0.9358, 0.0355, 0.0287],\n",
       "         [0.1940, 0.3425, 0.4635],\n",
       "         [0.6222, 0.0405, 0.3373]], device='mps:0'),\n",
       " tensor([[0.9427, 0.0304, 0.0270],\n",
       "         [0.1554, 0.7161, 0.1285],\n",
       "         [0.2536, 0.0078, 0.7386],\n",
       "         [0.2071, 0.0137, 0.7793],\n",
       "         [0.0445, 0.0273, 0.9282],\n",
       "         [0.1759, 0.0632, 0.7609],\n",
       "         [0.0312, 0.7102, 0.2586],\n",
       "         [0.9042, 0.0536, 0.0422]], device='mps:0'),\n",
       " tensor([[0.5309, 0.0625, 0.4066],\n",
       "         [0.0129, 0.9554, 0.0317],\n",
       "         [0.0393, 0.0207, 0.9400],\n",
       "         [0.8602, 0.0539, 0.0859],\n",
       "         [0.8127, 0.0095, 0.1778],\n",
       "         [0.1832, 0.0103, 0.8065],\n",
       "         [0.0113, 0.9366, 0.0522],\n",
       "         [0.0214, 0.8501, 0.1285]], device='mps:0'),\n",
       " tensor([[0.8483, 0.1236, 0.0281],\n",
       "         [0.3626, 0.0333, 0.6041],\n",
       "         [0.4785, 0.0086, 0.5129],\n",
       "         [0.0889, 0.0109, 0.9002],\n",
       "         [0.8102, 0.0968, 0.0930],\n",
       "         [0.0604, 0.0226, 0.9170],\n",
       "         [0.1911, 0.0084, 0.8006],\n",
       "         [0.0245, 0.0268, 0.9487]], device='mps:0'),\n",
       " tensor([[0.6371, 0.2635, 0.0994],\n",
       "         [0.5826, 0.3170, 0.1004],\n",
       "         [0.9164, 0.0464, 0.0373],\n",
       "         [0.6142, 0.1401, 0.2457],\n",
       "         [0.0350, 0.0278, 0.9372],\n",
       "         [0.0456, 0.9078, 0.0466],\n",
       "         [0.3766, 0.3090, 0.3145],\n",
       "         [0.9507, 0.0206, 0.0287]], device='mps:0'),\n",
       " tensor([[0.2222, 0.0155, 0.7623],\n",
       "         [0.0829, 0.0099, 0.9072],\n",
       "         [0.0500, 0.6609, 0.2891],\n",
       "         [0.0308, 0.0557, 0.9135],\n",
       "         [0.5262, 0.1173, 0.3565],\n",
       "         [0.0251, 0.0858, 0.8892],\n",
       "         [0.4749, 0.0807, 0.4444],\n",
       "         [0.0087, 0.9252, 0.0660]], device='mps:0'),\n",
       " tensor([[0.0331, 0.0378, 0.9291],\n",
       "         [0.0525, 0.1519, 0.7956],\n",
       "         [0.1114, 0.0112, 0.8773],\n",
       "         [0.4203, 0.0394, 0.5403],\n",
       "         [0.1230, 0.0444, 0.8326],\n",
       "         [0.1239, 0.0125, 0.8636],\n",
       "         [0.0534, 0.0204, 0.9261],\n",
       "         [0.0504, 0.0222, 0.9275]], device='mps:0'),\n",
       " tensor([[0.1977, 0.2797, 0.5226],\n",
       "         [0.5849, 0.0437, 0.3714],\n",
       "         [0.0078, 0.9613, 0.0309],\n",
       "         [0.1740, 0.0237, 0.8023],\n",
       "         [0.0510, 0.0166, 0.9324],\n",
       "         [0.0604, 0.0226, 0.9170],\n",
       "         [0.0482, 0.0257, 0.9261],\n",
       "         [0.0333, 0.0295, 0.9372]], device='mps:0'),\n",
       " tensor([[0.0197, 0.7281, 0.2522],\n",
       "         [0.0396, 0.0507, 0.9097],\n",
       "         [0.0228, 0.0444, 0.9328],\n",
       "         [0.1121, 0.0262, 0.8617],\n",
       "         [0.7935, 0.1702, 0.0362],\n",
       "         [0.0513, 0.1291, 0.8196],\n",
       "         [0.9393, 0.0299, 0.0308],\n",
       "         [0.3087, 0.0284, 0.6629]], device='mps:0'),\n",
       " tensor([[0.9387, 0.0259, 0.0354],\n",
       "         [0.9208, 0.0355, 0.0437],\n",
       "         [0.8153, 0.0521, 0.1326],\n",
       "         [0.1477, 0.0188, 0.8335],\n",
       "         [0.0411, 0.0526, 0.9063],\n",
       "         [0.9276, 0.0354, 0.0371],\n",
       "         [0.8756, 0.0135, 0.1109],\n",
       "         [0.0525, 0.1187, 0.8288]], device='mps:0'),\n",
       " tensor([[0.0389, 0.0239, 0.9372],\n",
       "         [0.0277, 0.0507, 0.9215],\n",
       "         [0.2294, 0.0295, 0.7410],\n",
       "         [0.1414, 0.0562, 0.8024],\n",
       "         [0.0269, 0.0402, 0.9329],\n",
       "         [0.4774, 0.1356, 0.3871],\n",
       "         [0.9211, 0.0416, 0.0372],\n",
       "         [0.4863, 0.3997, 0.1140]], device='mps:0'),\n",
       " tensor([[0.0288, 0.1287, 0.8425],\n",
       "         [0.0414, 0.0543, 0.9043],\n",
       "         [0.4794, 0.3018, 0.2188],\n",
       "         [0.7723, 0.1373, 0.0904],\n",
       "         [0.1484, 0.0199, 0.8317],\n",
       "         [0.1803, 0.0248, 0.7949],\n",
       "         [0.0900, 0.0155, 0.8945],\n",
       "         [0.0534, 0.0209, 0.9257]], device='mps:0'),\n",
       " tensor([[0.0367, 0.0288, 0.9345],\n",
       "         [0.0707, 0.0157, 0.9137],\n",
       "         [0.0189, 0.0864, 0.8948],\n",
       "         [0.0299, 0.0618, 0.9083],\n",
       "         [0.1093, 0.0188, 0.8719],\n",
       "         [0.4673, 0.0129, 0.5199],\n",
       "         [0.9255, 0.0310, 0.0434],\n",
       "         [0.9492, 0.0201, 0.0307]], device='mps:0'),\n",
       " tensor([[0.9396, 0.0203, 0.0400],\n",
       "         [0.0819, 0.0151, 0.9031],\n",
       "         [0.9395, 0.0174, 0.0431],\n",
       "         [0.6053, 0.0172, 0.3775],\n",
       "         [0.0479, 0.0669, 0.8852],\n",
       "         [0.1709, 0.0076, 0.8215],\n",
       "         [0.7886, 0.0063, 0.2051],\n",
       "         [0.7261, 0.2296, 0.0443]], device='mps:0'),\n",
       " tensor([[0.0323, 0.0388, 0.9289],\n",
       "         [0.0662, 0.0129, 0.9208],\n",
       "         [0.0272, 0.0904, 0.8824],\n",
       "         [0.0321, 0.0466, 0.9213],\n",
       "         [0.2067, 0.0180, 0.7754],\n",
       "         [0.0262, 0.0236, 0.9502],\n",
       "         [0.0867, 0.0227, 0.8906],\n",
       "         [0.3682, 0.0138, 0.6180]], device='mps:0'),\n",
       " tensor([[0.1159, 0.0477, 0.8364],\n",
       "         [0.0105, 0.9703, 0.0192],\n",
       "         [0.0670, 0.0335, 0.8996],\n",
       "         [0.0917, 0.2265, 0.6818],\n",
       "         [0.9287, 0.0229, 0.0483],\n",
       "         [0.0716, 0.0266, 0.9018],\n",
       "         [0.8938, 0.0317, 0.0744],\n",
       "         [0.0680, 0.1824, 0.7497]], device='mps:0'),\n",
       " tensor([[0.0557, 0.9130, 0.0313],\n",
       "         [0.2102, 0.0265, 0.7633],\n",
       "         [0.9081, 0.0726, 0.0193],\n",
       "         [0.0132, 0.8973, 0.0894],\n",
       "         [0.0122, 0.8940, 0.0938],\n",
       "         [0.0823, 0.0335, 0.8842],\n",
       "         [0.0262, 0.8445, 0.1293],\n",
       "         [0.0234, 0.8529, 0.1237]], device='mps:0'),\n",
       " tensor([[0.8174, 0.0166, 0.1660],\n",
       "         [0.0134, 0.8322, 0.1544],\n",
       "         [0.0175, 0.8198, 0.1627],\n",
       "         [0.3460, 0.0216, 0.6324],\n",
       "         [0.7936, 0.0146, 0.1918],\n",
       "         [0.0447, 0.0219, 0.9334],\n",
       "         [0.0447, 0.4049, 0.5504],\n",
       "         [0.0399, 0.4078, 0.5523]], device='mps:0'),\n",
       " tensor([[0.1131, 0.1345, 0.7524],\n",
       "         [0.0155, 0.7921, 0.1925],\n",
       "         [0.3954, 0.0252, 0.5794],\n",
       "         [0.1424, 0.0145, 0.8432],\n",
       "         [0.5457, 0.0518, 0.4025],\n",
       "         [0.4019, 0.0148, 0.5833],\n",
       "         [0.0768, 0.8178, 0.1054],\n",
       "         [0.0855, 0.0420, 0.8725]], device='mps:0'),\n",
       " tensor([[0.3243, 0.0411, 0.6346],\n",
       "         [0.6892, 0.0313, 0.2795],\n",
       "         [0.0557, 0.0773, 0.8670],\n",
       "         [0.1177, 0.0158, 0.8665],\n",
       "         [0.0109, 0.9597, 0.0294],\n",
       "         [0.7297, 0.0082, 0.2621],\n",
       "         [0.1641, 0.2295, 0.6064],\n",
       "         [0.0480, 0.5024, 0.4495]], device='mps:0'),\n",
       " tensor([[0.1697, 0.2147, 0.6156],\n",
       "         [0.5324, 0.0106, 0.4570],\n",
       "         [0.0788, 0.0722, 0.8490],\n",
       "         [0.0213, 0.7419, 0.2368],\n",
       "         [0.0465, 0.0155, 0.9380],\n",
       "         [0.5368, 0.4306, 0.0326],\n",
       "         [0.5472, 0.0614, 0.3914],\n",
       "         [0.0441, 0.3534, 0.6025]], device='mps:0'),\n",
       " tensor([[0.0518, 0.2940, 0.6542],\n",
       "         [0.6918, 0.2355, 0.0727],\n",
       "         [0.0085, 0.9682, 0.0233],\n",
       "         [0.5457, 0.0518, 0.4025],\n",
       "         [0.0304, 0.1735, 0.7961],\n",
       "         [0.0693, 0.0139, 0.9169],\n",
       "         [0.1186, 0.0559, 0.8255],\n",
       "         [0.0883, 0.0511, 0.8606]], device='mps:0'),\n",
       " tensor([[0.0123, 0.9450, 0.0427],\n",
       "         [0.3841, 0.0119, 0.6040],\n",
       "         [0.7820, 0.0998, 0.1182],\n",
       "         [0.0090, 0.9626, 0.0284],\n",
       "         [0.0256, 0.0764, 0.8980],\n",
       "         [0.0573, 0.0233, 0.9194],\n",
       "         [0.8799, 0.0828, 0.0374],\n",
       "         [0.1351, 0.8326, 0.0323]], device='mps:0'),\n",
       " tensor([[0.8051, 0.1287, 0.0662],\n",
       "         [0.7496, 0.2284, 0.0221],\n",
       "         [0.7928, 0.0538, 0.1535],\n",
       "         [0.0336, 0.7888, 0.1776],\n",
       "         [0.9231, 0.0164, 0.0605],\n",
       "         [0.0442, 0.5115, 0.4443],\n",
       "         [0.0286, 0.7588, 0.2126],\n",
       "         [0.0150, 0.8683, 0.1168]], device='mps:0'),\n",
       " tensor([[0.5718, 0.0281, 0.4001],\n",
       "         [0.0565, 0.0917, 0.8518],\n",
       "         [0.0387, 0.3028, 0.6585],\n",
       "         [0.0447, 0.0219, 0.9334],\n",
       "         [0.3671, 0.0181, 0.6147],\n",
       "         [0.1759, 0.0632, 0.7609],\n",
       "         [0.0167, 0.7577, 0.2256],\n",
       "         [0.9394, 0.0154, 0.0452]], device='mps:0'),\n",
       " tensor([[0.0835, 0.0234, 0.8931],\n",
       "         [0.0116, 0.9416, 0.0467],\n",
       "         [0.0779, 0.1039, 0.8182],\n",
       "         [0.0676, 0.0138, 0.9186],\n",
       "         [0.0914, 0.0193, 0.8893],\n",
       "         [0.7632, 0.0326, 0.2042],\n",
       "         [0.0115, 0.8841, 0.1045],\n",
       "         [0.0090, 0.9749, 0.0162]], device='mps:0'),\n",
       " tensor([[0.0491, 0.0347, 0.9162],\n",
       "         [0.0474, 0.0258, 0.9268],\n",
